0.0 0.0 0.0 
0.0 0.0 0.0 
0.0 0.0 0.0 
0.0 0.0 0.0 
0.0 0.0 0.0 
0.0 0.0 0.0 
0.0 0.0 0.0 
0.0 0.0 0.0 
254.68498276236392 745.3683324409517 165.19832316244964 
0.0 299.66563397606376 0.0 
0.0 0.0 0.0 
-500.0 0.0 0.0 
223.6709243112268 0.0 0.0 
-500.0 0.0 0.0 
0.0 0.0 0.0 
0.0 0.0 0.0 
0.0 0.0 86.71511471083512 
0.0 0.0 0.0 
0.0 0.0 0.0 
0.0 0.0 0.0 
57.131374273272144 -188.760415783024 -750.0 
0.0 0.0 -500.0 
118.41642052222701 0.0 0.0 
0.0 0.0 0.0 
0.0 0.0 0.0 
0.0 0.0 0.0 
0.0 0.0 0.0 
0.0 0.0 0.0 
0.0 0.0 0.0 
0.0 0.0 0.0 
0.0 0.0 0.0 
0.0 0.0 0.0 
536.3649872829285 0.0 0.0 
0.0 0.0 0.0 
0.0 -500.0 0.0 
0.0 0.0 0.0 
415.01347217513205 73.68165583138386 0.0 
0.0 0.0 0.0 
0.0 0.0 0.0 
0.0 0.0 0.0 
96.04514002944401 122.08219316920287 189.29079802827448 
0.0 0.0 105.60237299755873 
0.0 0.0 0.0 
-500.0 0.0 0.0 
419.42645024274947 0.0 0.0 
0.0 0.0 0.0 
0.0 -295.24192176592874 0.0 
0.0 0.0 0.0 
316.5021029595733 94.11502050563521 -120.09543711400906 
0.0 0.0 89.62851271176177 
0.0 0.0 16.32279772662453 
0.0 0.0 0.0 
470.2934320535723 14.690517953962077 -750.0 
0.0 50.725281415543314 -500.0 
0.0 0.0 0.0 
0.0 0.0 0.0 
0.0 0.0 0.0 
0.0 0.0 0.0 
0.0 0.0 0.0 
0.0 0.0 0.0 
0.0 0.0 0.0 
0.0 0.0 0.0 
0.0 0.0 0.0 
0.0 0.0 0.0 
46.51549178530567 113.28090826015902 553.7266658590125 
-750.0 0.0 388.12754258220446 
72.7215035099608 -500.0 0.0 
0.0 -500.0 2.5 
0.0 92.9191998258672 0.0 
0.0 0.0 0.0 
0.0 -500.0 -500.0 
0.0 0.0 0.0 
81.46616545932389 432.46451618462504 212.8438235671112 
0.0 132.1642613490944 356.2068374151876 
0.0 0.0 95.04213569780286 
0.0 0.0 0.0 
0.0 449.04153801757553 -500.0 
0.0 0.0 -500.0 
0.0 0.0 0.0 
0.0 0.0 -500.0 
40.544841477711934 153.40507300559742 507.19445329796827 
-500.0 131.89194578627567 0.0 
-192.1437163192198 -750.0 220.70778732636177 
-477.1736233630055 0.0 0.0 
79.05780466627569 0.0 0.0 
0.0 0.0 -500.0 
18.565548593715054 0.0 -500.0 
0.0 0.0 0.0 
0.0 0.0 0.0 
0.0 0.0 0.0 
0.0 0.0 0.0 
0.0 0.0 0.0 
0.0 0.0 0.0 
0.0 0.0 0.0 
0.0 0.0 0.0 
0.0 0.0 0.0 
0.0 0.0 0.0 
0.0 0.0 0.0 
0.0 0.0 0.0 
0.0 0.0 0.0 
0.0 0.0 0.0 
0.0 0.0 0.0 
0.0 0.0 0.0 
0.0 0.0 0.0 
0.0 0.0 0.0 
0.0 0.0 0.0 
0.0 0.0 0.0 
0.0 0.0 0.0 
0.0 0.0 0.0 
0.0 0.0 0.0 
0.0 0.0 0.0 
0.0 0.0 0.0 
0.0 0.0 0.0 
0.0 0.0 0.0 
0.0 0.0 0.0 
0.0 0.0 0.0 
0.0 0.0 0.0 
0.0 0.0 0.0 
0.0 0.0 0.0 
0.0 0.0 0.0 
0.0 0.0 0.0 
0.0 0.0 0.0 
0.0 0.0 0.0 
0.0 0.0 0.0 
0.0 0.0 0.0 
0.0 0.0 0.0 
0.0 0.0 0.0 
0.0 0.0 0.0 
