0.0 0.0 0.0 
0.0 0.0 0.0 
0.0 0.0 0.0 
0.0 0.0 0.0 
0.0 0.0 0.0 
0.0 0.0 0.0 
0.0 0.0 0.0 
0.0 0.0 0.0 
-201.60509720780487 218.1233045302278 -196.35244037593012 
-2245.642582292307 -812.900290156914 -19.36638870878894 
-1144.4412635750807 -1063.1602142081292 -1173.764222369507 
-500.0 -674.2140841822052 26.768393429308077 
-39.82410053995946 -295.4219550854894 -1594.6110103782548 
-1691.7277214637973 -71.82226630023817 -1654.2219869029236 
96.21531921103939 -989.0555016108412 -1338.3408060943934 
-1497.245930949974 -990.1229175155556 -1453.049474289575 
-92.10218244454154 -331.2336351404437 -119.83583150657918 
-2377.748368385467 -1024.6381166513277 -35.25178911052389 
-370.245817684213 -2323.056216573651 -824.4330733931852 
-1915.8887111088898 -2305.3458511431063 -76.20146445650936 
-45.45964978889462 -839.7772076653233 -2575.892413162671 
-2229.5340486946434 -322.89207787414415 -2368.2944165886574 
-264.1906957067606 -1780.8732500512738 -2464.443010373081 
-1559.1296459341902 -1894.7366937043566 -1529.54665086659 
0.0 0.0 0.0 
0.0 0.0 0.0 
0.0 0.0 0.0 
0.0 0.0 0.0 
0.0 0.0 0.0 
0.0 0.0 0.0 
0.0 0.0 0.0 
0.0 0.0 0.0 
-192.64679672677698 -168.14996727383993 -592.4070739869611 
-1074.7498155627168 -447.73641391042037 -4.6477576105063765 
-930.5510194997252 -2592.4073854889166 -91.19660390274313 
-1485.0642300918994 -2436.7033004885343 -17.669783931506345 
-53.66771801995132 -546.523716195167 -2112.5958352237085 
-1330.3960615458031 -246.76312927567676 -875.0 
-103.73401270130458 -2319.1822624556594 -2309.6596212533223 
-1584.0272331632323 -2282.8720807027057 -2125.5873607883746 
-55.034965828008716 -103.64016925150761 -235.25918445720077 
-1469.2581580592637 -43.042931020148 -20.222762420009463 
-1023.0434431561937 -1012.6962330625258 -534.7743791962597 
-2432.744576046307 -1413.58967652077 -0.6811053919603012 
-89.27973386810689 -477.80880637244104 -2802.2295709333575 
-950.7052036773272 -34.53234165167599 -2187.0264785341315 
30.518345207643982 -995.6472828033154 -2023.8621536728206 
-1519.4443835441111 -2117.6553980443578 -2438.7518389376773 
-103.34755374434164 -735.0091470599026 -193.94303549072308 
-1083.49315626313 -45.30358418085757 -17.54192286319718 
-147.30773270315825 -2728.835204258332 -646.5369301199049 
-1428.6056694811514 -2213.0025447170274 -96.6618609609873 
-113.81276719156955 -1097.2265410342877 -2437.025394527857 
-1308.011764400568 -3.6767031423825998 -2361.8365145209787 
-108.81218102233424 -2435.1197634435666 -2109.857411256056 
-2010.2759325491372 -2302.95720094245 -2235.387881016571 
0.0 0.0 0.0 
0.0 0.0 0.0 
0.0 0.0 0.0 
0.0 0.0 0.0 
0.0 0.0 0.0 
0.0 0.0 0.0 
0.0 0.0 0.0 
0.0 0.0 0.0 
-70.59894233929575 -235.99953201163945 55.18037080239918 
-1072.5026206131147 -74.29074995713438 -120.75999176490012 
-766.1573915383409 -2315.42688012841 -166.25089827350854 
-1950.3214239894778 -2129.657951402055 -0.7044119103438828 
-2.3989907324787794 -301.3775780525326 -790.5323622714775 
-2126.2917843855557 -46.72428427941831 -1095.526919583042 
-90.70760455117338 -2415.7473115939138 -1505.1688124015418 
-1837.2689391087938 -1889.93247724425 -1613.2566754475142 
-229.6167010061527 -211.68432869714167 -73.691926846262 
-2368.4593618055987 -138.7405976278936 -102.20959933471033 
-1304.0129744232527 -1392.022079327287 -86.49823571398565 
-1309.4166035600483 -1224.7531681921052 7.340174771230255 
-42.75222894244791 -165.89167427239755 -1248.826190062426 
-2323.9306591416585 -1046.77827108498 -967.7225191689455 
71.5108022514668 -1886.3870907846572 -1665.6183186584485 
-2240.5239927991406 -2528.1062259738264 -2286.344932376557 
-337.4369618301114 -58.88480134335512 -564.0412150449836 
-2299.008707871283 -181.78357439132935 -83.38727682797536 
-114.81366241579727 -2372.0959995328444 -650.4834816681315 
-2586.0936158986356 -1925.4264955078615 -976.3987500689041 
-93.32340400678596 -103.37527015918626 -982.3249099416284 
-2031.307568759933 -28.562160892806638 -1070.3348367044478 
-12.886929996679395 -2211.3991554777845 -2702.36193643368 
-2380.057527362531 -2340.191646743379 -1634.1944244033793 
0.0 0.0 0.0 
0.0 0.0 0.0 
0.0 0.0 0.0 
0.0 0.0 0.0 
0.0 0.0 0.0 
0.0 0.0 0.0 
0.0 0.0 0.0 
0.0 0.0 0.0 
0.0 0.0 0.0 
0.0 0.0 0.0 
0.0 0.0 0.0 
0.0 0.0 0.0 
0.0 0.0 0.0 
0.0 0.0 0.0 
0.0 0.0 0.0 
0.0 0.0 0.0 
0.0 0.0 0.0 
0.0 0.0 0.0 
0.0 0.0 0.0 
0.0 0.0 0.0 
0.0 0.0 0.0 
0.0 0.0 0.0 
0.0 0.0 0.0 
0.0 0.0 0.0 
0.0 0.0 0.0 
0.0 0.0 0.0 
0.0 0.0 0.0 
0.0 0.0 0.0 
0.0 0.0 0.0 
0.0 0.0 0.0 
0.0 0.0 0.0 
0.0 0.0 0.0 
0.0 0.0 0.0 
0.0 0.0 0.0 
0.0 0.0 0.0 
0.0 0.0 0.0 
0.0 0.0 0.0 
0.0 0.0 0.0 
0.0 0.0 0.0 
0.0 0.0 0.0 
