0.0 0.0 0.0 
0.0 0.0 0.0 
0.0 0.0 0.0 
0.0 0.0 0.0 
0.0 0.0 0.0 
0.0 0.0 0.0 
0.0 0.0 0.0 
0.0 0.0 0.0 
187.03673863330351 125.69587516552886 96.61787465561999 
-937.5 427.3780141506289 3.5412771155973246 
0.0 0.0 0.0 
0.0 0.0 0.0 
127.62661245473303 -400.7760156183343 -1331.25 
0.0 0.0 -725.0 
0.0 -416.4580728233241 -500.0 
0.0 0.0 0.0 
-261.49060346712827 58.18773033305965 104.57280816428536 
0.0 0.0 170.01549666771865 
96.25567010330786 -500.0 -404.326752333442 
0.0 -500.0 0.0 
52.689455990227316 -0.02665318503402858 -500.0 
-461.46333470393074 -11.712974824373426 -500.0 
96.62605232220619 -500.0 -500.0 
0.0 0.0 0.0 
0.0 0.0 0.0 
0.0 0.0 0.0 
0.0 0.0 0.0 
0.0 0.0 0.0 
0.0 0.0 0.0 
0.0 0.0 0.0 
0.0 0.0 0.0 
0.0 0.0 0.0 
479.9050443817281 180.47090430240047 82.74323539895082 
-307.679893632217 134.2026039324939 77.41726678919848 
-490.94098168745154 -1325.0 93.11473706240533 
-500.0 0.0 2.2185616542077335 
233.2219641162619 169.77853250846505 -500.0 
0.0 0.0 0.0 
205.30761567997735 -500.0 -500.0 
0.0 0.0 0.0 
-47.750423829899475 299.6274881132022 -35.254002815503185 
-646.3419227205018 -260.9135894768852 16.26218220332919 
0.0 -448.8733758920005 56.41274695996683 
-725.0 -499.00164725560654 97.27406249547053 
107.75483098168304 -618.120690461861 -1429.2592032323146 
-450.2073131169391 75.06291903521026 -1087.5 
70.68334394879136 -178.70010797744652 0.0 
-466.60605224684707 0.0 0.0 
57.181745019985456 -20.180323660650277 119.22865139913519 
-844.2450448247153 38.57847551784399 165.1817722222765 
-307.118144295241 -1439.0625 230.66621478683686 
-690.4860027394955 -500.0 123.25392872721105 
194.04424604996322 -396.4248541371434 -998.4375 
-606.9693683841048 159.41990781724218 -937.5 
-278.6031642059643 -975.0 -875.0 
-500.0 -500.0 -750.0 
0.0 0.0 0.0 
0.0 0.0 0.0 
0.0 0.0 0.0 
0.0 0.0 0.0 
0.0 0.0 0.0 
0.0 0.0 0.0 
0.0 0.0 0.0 
0.0 0.0 0.0 
126.96141933912914 136.55992103268113 381.1153007979397 
-749.445359586448 -25.48023567026482 596.9948879263965 
115.50006705084105 -875.0 -334.6672063121766 
-500.0 0.0 125.34801246465312 
66.51686897453268 0.0 0.0 
0.0 0.0 0.0 
50.61839810622948 -500.0 -500.0 
0.0 0.0 0.0 
-49.000707331593645 -4.528110948142228 275.1725745038281 
-977.2179067337045 269.0405440827915 279.1133982295206 
0.0 0.0 0.0 
-500.0 0.0 47.092865054507456 
-38.32543941030609 144.8299667933233 -741.3227635188246 
-750.0 74.20877278478434 -500.0 
137.99080828161436 0.0 0.0 
0.0 0.0 0.0 
-243.56887138097608 -4.821185213252548 159.27088550722777 
-1293.9516091018638 22.058308311001923 175.26366141232427 
125.26117265078362 -984.375 -616.3860780755709 
-725.0 -500.0 95.87024297622739 
112.36345874631664 28.37463147062408 -500.0 
-500.0 0.0 -446.3819315137799 
116.07510209265327 -500.0 -500.0 
0.0 0.0 -500.0 
0.0 0.0 0.0 
0.0 0.0 0.0 
0.0 0.0 0.0 
0.0 0.0 0.0 
0.0 0.0 0.0 
0.0 0.0 0.0 
0.0 0.0 0.0 
0.0 0.0 0.0 
0.0 0.0 0.0 
0.0 0.0 0.0 
0.0 0.0 0.0 
0.0 0.0 0.0 
0.0 0.0 0.0 
0.0 0.0 0.0 
0.0 0.0 0.0 
0.0 0.0 0.0 
0.0 0.0 0.0 
0.0 0.0 0.0 
0.0 0.0 0.0 
0.0 0.0 0.0 
0.0 0.0 0.0 
0.0 0.0 0.0 
0.0 0.0 0.0 
0.0 0.0 0.0 
0.0 0.0 0.0 
0.0 0.0 0.0 
0.0 0.0 0.0 
0.0 0.0 0.0 
0.0 0.0 0.0 
0.0 0.0 0.0 
0.0 0.0 0.0 
0.0 0.0 0.0 
0.0 0.0 0.0 
0.0 0.0 0.0 
0.0 0.0 0.0 
0.0 0.0 0.0 
0.0 0.0 0.0 
0.0 0.0 0.0 
0.0 0.0 0.0 
0.0 0.0 0.0 
