0.0 0.0 0.0 
0.0 0.0 0.0 
0.0 0.0 0.0 
0.0 0.0 0.0 
0.0 0.0 0.0 
0.0 0.0 0.0 
0.0 0.0 0.0 
0.0 0.0 0.0 
23.308781608512234 203.83621595331545 -16.975503317177008 
-1724.4236572250275 390.8430559620875 -562.8029069884892 
-136.1842743141073 -2042.8474486174669 -1438.8531784992124 
-1845.2178907264497 -1085.5987319783364 -2.5687018778925728 
-1359.086517833106 689.4770685646414 -1920.4842721386813 
-1363.4061230307761 68.91973760526075 -1171.1928970003396 
81.43939248076207 -952.675313955302 -1836.6222274281959 
-2616.794746551249 -1897.485776757449 -2621.5727901287173 
-5.931491698541535 -153.29853186692088 29.31515017321547 
-1572.6170911614604 -215.25591717531609 -16.621583969156163 
-129.9118629324238 -2762.1231099037855 -777.1566011521684 
-1951.023146570274 -2731.1862744461523 9.548856885083609 
10.545104194148045 -126.88819726928429 -2137.267831865691 
-2061.5386487569294 -325.78072157416176 -1765.532592290531 
-26.253167083681447 -2762.8535970108323 -2406.7393139456117 
-1971.666986960345 -2634.780020692577 -2567.3365371242458 
0.0 0.0 0.0 
0.0 0.0 0.0 
0.0 0.0 0.0 
0.0 0.0 0.0 
0.0 0.0 0.0 
0.0 0.0 0.0 
0.0 0.0 0.0 
0.0 0.0 0.0 
435.00207411117196 -5.837902353870085 -58.88109042266492 
-1281.5692133008054 8.042550316009386 -107.7204812784737 
335.09471914972653 -2634.895252058169 -386.57973605558993 
-1559.492523981879 -2383.6273242478205 -60.11515850652846 
405.76438429538916 -1024.396239107798 -2198.4499343137045 
-1126.4304229963248 53.921574027620046 -2688.4303665651955 
202.39446602196466 -2354.0398159332594 -2572.607254753018 
-2777.3232339599826 -1595.0654239572964 -2902.7230420662722 
400.02170576131624 -236.18063164549324 -150.4573616893499 
-987.1199239686784 -310.1388432951436 -674.1404284329069 
-990.3831152290311 -1672.3754544146807 -362.8118493693902 
-1211.592482312141 -999.0446265226567 -37.029899603178194 
280.2963498280418 -166.2568511397688 -2070.521479794814 
-1188.8696678447764 -73.58436333077992 -2674.8041215539947 
174.82336463432745 -910.3001961276246 -2669.3584147263628 
-1455.990091778176 -2964.8258605642354 -2740.7312972047225 
-377.86683178453194 -622.6829958969025 52.313885136783284 
-1175.244366409776 -141.81270238785643 87.24404089094935 
-846.3833797759293 -2301.9813715123305 -364.3801127893483 
-1422.6610826372544 -2372.2982596745405 47.513422186650544 
106.9202365824645 -628.5281457994056 -1661.6801142684526 
-1266.8240666299716 99.70006918232703 -2873.193161503491 
-125.4122510413292 -2278.359796599536 -2749.0688055863884 
-1327.442910061692 -2519.9290115331705 -2748.3500800805627 
0.0 0.0 0.0 
0.0 0.0 0.0 
0.0 0.0 0.0 
0.0 0.0 0.0 
0.0 0.0 0.0 
0.0 0.0 0.0 
0.0 0.0 0.0 
0.0 0.0 0.0 
-41.25107643471249 -309.4541949953808 492.98036856278827 
-1299.1484259705517 -761.2480569559905 393.9754492246218 
-1287.7189072481608 -3106.630565964393 -37.688947510288415 
-1810.182352842047 -2272.460949454502 129.87224295829637 
-50.93580690180653 -243.19175440436203 -1041.843068557218 
-2902.2027209292783 -458.42577181162125 -1390.5728057937695 
-43.567111456297155 -1925.0307098252852 -1191.8105814964097 
-2567.582666435889 -2614.9190399619333 -2363.648197883459 
26.16620351995672 371.54134054097767 -26.818503891534476 
-2664.4106550178267 -888.9889572112861 143.98425201930047 
-644.9260727365847 -1363.0445504629408 -1753.8698127375321 
-2422.521700245058 -959.348883916145 24.449772797914846 
9.060328402699394 -394.8183218690574 -1156.2663779263873 
-2351.8802834079797 -3.052141549419325 -1634.444687434844 
-54.934111518723256 -1059.4016658851156 -2389.8457906169087 
-2617.5689772543183 -2867.602278041393 -1234.1779736492927 
-118.3582639992054 20.588823613793952 306.6499621143433 
-2520.630581534726 42.92486495859127 -127.1840345905605 
-392.7547009403329 -2816.486455335748 130.88896911254227 
-2483.50361149762 -2042.3054716366737 164.9949133111426 
9.16675439083835 -1349.946234697399 -1651.2606823490412 
-1610.8924244145796 -170.13747289258686 -1058.212237326889 
5.7077061553095625 -1673.9147152502119 -1670.9202651268943 
-2678.6906242058217 -2537.764587434095 -2417.9279110509983 
0.0 0.0 0.0 
0.0 0.0 0.0 
0.0 0.0 0.0 
0.0 0.0 0.0 
0.0 0.0 0.0 
0.0 0.0 0.0 
0.0 0.0 0.0 
0.0 0.0 0.0 
0.0 0.0 0.0 
0.0 0.0 0.0 
0.0 0.0 0.0 
0.0 0.0 0.0 
0.0 0.0 0.0 
0.0 0.0 0.0 
0.0 0.0 0.0 
0.0 0.0 0.0 
0.0 0.0 0.0 
0.0 0.0 0.0 
0.0 0.0 0.0 
0.0 0.0 0.0 
0.0 0.0 0.0 
0.0 0.0 0.0 
0.0 0.0 0.0 
0.0 0.0 0.0 
0.0 0.0 0.0 
0.0 0.0 0.0 
0.0 0.0 0.0 
0.0 0.0 0.0 
0.0 0.0 0.0 
0.0 0.0 0.0 
0.0 0.0 0.0 
0.0 0.0 0.0 
0.0 0.0 0.0 
0.0 0.0 0.0 
0.0 0.0 0.0 
0.0 0.0 0.0 
0.0 0.0 0.0 
0.0 0.0 0.0 
0.0 0.0 0.0 
0.0 0.0 0.0 
