0.0 0.0 0.0 
0.0 0.0 0.0 
0.0 0.0 0.0 
0.0 0.0 0.0 
0.0 0.0 0.0 
0.0 0.0 0.0 
0.0 0.0 0.0 
0.0 0.0 0.0 
0.08428227460610167 269.4866138459264 0.4376953124972879 
-999.1792822480829 314.2471872816286 0.27956805760039927 
0.0 0.0 0.0 
-500.0 -499.55 0.45 
1.6187753114810977 1.7547713913881766 -998.3437850952149 
-249.32500000000002 0.9298532009124756 -500.0 
0.90625 0.0 0.0 
0.0 -499.55 0.9 
1.583691406251621 0.45000002692747787 0.4491484531729384 
-998.5722664968935 1.4695587294442147 0.8996704102086368 
9.844899901166599e-12 -999.9999656659922 0.917701913032319 
-999.43761087507 -999.7688749313354 0.9000000000007995 
0.8020028104566137 0.0 -873.4250000000001 
-500.0 1.1990989208221436 -499.55 
0.4482421875 0.0 0.0 
0.15262419843842776 1.1958617229117943 0.1284008258232609 
0.0 0.0 0.0 
0.0 0.0 0.0 
0.0 0.0 0.0 
0.0 0.0 0.0 
0.0 0.0 0.0 
0.0 0.0 0.0 
0.0 0.0 0.0 
0.0 0.0 0.0 
67.3185564813944 0.6751508586567037 0.2584533715555376 
-749.775 0.3352687823929953 0.0 
0.16886895606332775 -998.7020777842743 0.963391113857506 
-249.775 -500.0 1.2375 
1.1245755581175298 0.008074688403303299 -997.5775390625 
-499.0578125 0.0 0.0 
63.34109191894532 -749.1 0.0 
0.0 0.0 0.0 
0.9562543153904819 0.05726628860274208 0.3998984829200607 
-995.028515625 0.5003104357331707 0.0059894138179677585 
0.871875 0.0 0.45 
-499.55 -749.2125000000001 0.5783203125 
0.9070340336202427 0.4218816515648157 -999.1756154880013 
-249.55 0.39223506114035445 -749.55 
0.2173095703125 -874.4375 -499.55 
0.0 0.0 0.45 
0.9283300061281807 1.378125000004144 0.0035713617224246265 
-999.0726354045512 0.9281249999999999 0.34104482804874126 
2.9369274012756334e-09 -998.2405330703345 1.5890625000259888 
-749.55 -967.625 0.9052709820197777 
0.25484163773378443 0.003289031772861506 -998.4634277816754 
-500.0 1.4120334632563754 -748.875 
0.4484606675811591 -999.3723358154298 -998.4711303710938 
0.3449956081538331 0.1497637005963115 0.686121605855022 
0.0 0.0 0.0 
0.0 0.0 0.0 
0.0 0.0 0.0 
0.0 0.0 0.0 
0.0 0.0 0.0 
0.0 0.0 0.0 
0.0 0.0 0.0 
0.0 0.0 0.0 
0.2392273117282441 3.872247558156947 32.341705787948584 
-999.3249999998166 1.7001663275075574 0.9000000314870735 
3.2741809263825417e-12 -998.5194965441285 1.8970947269820557 
-999.5253880527853 -998.9433764987566 9.149651431959068 
0.225 2.2930346727371216 -749.8875 
0.0 1.024365234375 -500.0 
0.0 -499.55 0.0 
0.0 0.0 -499.55 
0.3376110350943877 1.3781258105708336 1.7588584202050757e-05 
-998.2025259963236 0.8929687500000001 0.028068353421986103 
0.0 0.0 0.45 
0.0 -749.325 0.9019025246961974 
0.400903585610908 0.8718749982786993 -999.3205907652405 
-999.7525339484215 0.9000103013663394 -999.2083496093751 
0.6935531616210937 -749.775 -499.55 
0.0 0.0 -499.77500000000003 
0.8807191085536035 0.5497567201966606 0.502734374999948 
-999.1000540548936 0.9000017312829314 1.125000000012278 
5.876710316559558e-23 -998.8842286296705 0.9109317720191854 
-998.9327014010307 -998.9848766962299 0.9000016914156732 
0.8726421406434823 0.548367059391437 -996.695068359375 
-975.4156250000001 1.7857795682855198 -874.71875 
1.3471092224121093 0.0 -500.0 
0.085924451187566 0.03566929078492076 0.34327027618182226 
0.0 0.0 0.0 
0.0 0.0 0.0 
0.0 0.0 0.0 
0.0 0.0 0.0 
0.0 0.0 0.0 
0.0 0.0 0.0 
0.0 0.0 0.0 
0.0 0.0 0.0 
0.0 0.0 0.0 
0.0 0.0 0.0 
0.0 0.0 0.0 
0.0 0.0 0.0 
0.0 0.0 0.0 
0.0 0.0 0.0 
0.0 0.0 0.0 
0.0 0.0 0.0 
0.0 0.0 0.0 
0.0 0.0 0.0 
0.0 0.0 0.0 
0.0 0.0 0.0 
0.0 0.0 0.0 
0.0 0.0 0.0 
0.0 0.0 0.0 
0.0 0.0 0.0 
0.0 0.0 0.0 
0.0 0.0 0.0 
0.0 0.0 0.0 
0.0 0.0 0.0 
0.0 0.0 0.0 
0.0 0.0 0.0 
0.0 0.0 0.0 
0.0 0.0 0.0 
0.0 0.0 0.0 
0.0 0.0 0.0 
0.0 0.0 0.0 
0.0 0.0 0.0 
0.0 0.0 0.0 
0.0 0.0 0.0 
0.0 0.0 0.0 
0.0 0.0 0.0 
