0.0 0.0 0.0 
0.0 0.0 0.0 
0.0 0.0 0.0 
0.0 0.0 0.0 
0.0 0.0 0.0 
0.0 0.0 0.0 
0.0 0.0 0.0 
0.0 0.0 0.0 
1.2849697114483207 281.96705533340577 0.8973208130269656 
-999.9980926513672 94.7381976978848 0.46289062557880245 
0.0 0.0 0.0 
0.0 0.0 0.0 
1.59375 4.679687500000001 -499.55 
-500.0 0.0 0.0 
0.0 0.0 0.0 
0.0 0.0 0.0 
0.7740718880568702 0.0 0.2109502834151499 
-996.09375 1.3530761727672207 0.6046875 
0.056465435028076175 0.0 0.0 
0.0 -875.0 0.9000000015716068 
1.8625 0.0 -500.0 
-499.55 0.0 0.0 
0.0 0.0 0.0 
0.0 0.0 0.0 
0.0 0.0 0.0 
0.0 0.0 0.0 
0.0 0.0 0.0 
0.0 0.0 0.0 
0.0 0.0 0.0 
0.0 0.0 0.0 
0.0 0.0 0.0 
0.0 0.0 0.0 
0.5214972032354143 0.3353485462142999 0.22495881468057632 
0.0 0.225 0.0 
0.0 0.0 0.9001791734480207 
-500.0 0.0 0.0 
0.3082763671875 0.0 -500.0 
0.0 0.0 0.0 
0.0 0.0 0.0 
0.0 0.0 0.0 
0.9101074218768801 0.45142862876709833 0.41478698756857285 
-749.1 0.0 0.06736185550689697 
0.0 0.0 0.0 
0.0 0.0 0.0 
0.8296602604912806 0.0 -984.346875 
-499.55 0.0 -500.0 
0.0 0.0 0.0 
0.0 0.0 0.0 
0.2122348308566387 1.589522555846322 0.029882842792865863 
-994.6593750000001 0.3656252162531658 0.225 
0.0 -1000.0 0.9008789054640975 
-500.0 -500.0 0.871875 
1.3255954383855384 0.02820739578455682 -995.86875 
0.0 0.1125 -500.0 
0.0 -750.0 -500.0 
0.0 0.0 0.0 
0.0 0.0 0.0 
0.0 0.0 0.0 
0.0 0.0 0.0 
0.0 0.0 0.0 
0.0 0.0 0.0 
0.0 0.0 0.0 
0.0 0.0 0.0 
0.0 0.0 0.0 
0.49191284349950026 0.860032198270996 0.910282309754507 
-999.9999999999965 1.3519741338910594 63.46091876118581 
0.0 -996.09375 439.13603515625005 
-937.5 -500.0 0.9000000582218526 
0.0 0.7375 -749.55 
0.0 0.45 0.0 
0.0 0.0 0.0 
0.0 0.0 0.0 
0.024678361442881554 1.575467777356971 0.22499398891814054 
-999.9999999999869 1.3500008587263892 0.8824218213559221 
0.0 0.0 0.0 
0.0 0.0 0.0 
0.61875 0.9205581665899452 -968.75 
-875.0 1.4631591796911323 -500.0 
1.35 0.0 0.0 
0.0 0.0 0.0 
0.9000626564566119 0.007086289138739436 0.8039983758004838 
-1000.0 0.9235176294663696 0.9140607898953022 
3.016973550984403e-08 -999.9999999997726 1.578951644894187 
-1000.0 -1000.0 1.0098632678395234 
0.7875000000000001 1.349560546875 -874.775 
0.0 0.9061523437500001 0.0 
0.0 0.0 0.0 
0.0 -500.0 0.0 
0.0 0.0 0.0 
0.0 0.0 0.0 
0.0 0.0 0.0 
0.0 0.0 0.0 
0.0 0.0 0.0 
0.0 0.0 0.0 
0.0 0.0 0.0 
0.0 0.0 0.0 
0.0 0.0 0.0 
0.0 0.0 0.0 
0.0 0.0 0.0 
0.0 0.0 0.0 
0.0 0.0 0.0 
0.0 0.0 0.0 
0.0 0.0 0.0 
0.0 0.0 0.0 
0.0 0.0 0.0 
0.0 0.0 0.0 
0.0 0.0 0.0 
0.0 0.0 0.0 
0.0 0.0 0.0 
0.0 0.0 0.0 
0.0 0.0 0.0 
0.0 0.0 0.0 
0.0 0.0 0.0 
0.0 0.0 0.0 
0.0 0.0 0.0 
0.0 0.0 0.0 
0.0 0.0 0.0 
0.0 0.0 0.0 
0.0 0.0 0.0 
0.0 0.0 0.0 
0.0 0.0 0.0 
0.0 0.0 0.0 
0.0 0.0 0.0 
0.0 0.0 0.0 
0.0 0.0 0.0 
0.0 0.0 0.0 
0.0 0.0 0.0 
0.0 0.0 0.0 
