0.0 0.0 0.0 
0.0 0.0 0.0 
0.0 0.0 0.0 
0.0 0.0 0.0 
0.0 0.0 0.0 
0.0 0.0 0.0 
0.0 0.0 0.0 
0.0 0.0 0.0 
0.5484351494007813 313.7384556238752 0.9000000014202669 
-499.1 0.9076428559314573 0.9050401687809837 
3.9906249999999996 -374.32500000000005 0.0 
0.0 -249.55 0.89912109375 
0.8948523468686844 21.373609986260384 -499.94089965820314 
-483.53125 0.9159778590035785 -374.55 
0.45 -250.0 -249.55 
0.0 0.0 0.0 
0.9027474563570252 0.05625000167649098 0.9017714951711238 
-499.99999678113966 0.6891724171636526 2.668750108124069 
0.4500000264169163 -500.0 0.9014558092676526 
-499.8870231628418 -499.9999701976776 0.9000000745180843 
1.3719850242138096 0.05537105351031642 -497.625 
-374.55 1.12412109375 -436.82500000000005 
0.3303863525390625 -437.5 -374.55 
0.0 0.0 0.0 
0.0 0.0 0.0 
0.0 0.0 0.0 
0.0 0.0 0.0 
0.0 0.0 0.0 
0.0 0.0 0.0 
0.0 0.0 0.0 
0.0 0.0 0.0 
0.0 0.0 0.0 
250.46406355273393 0.6838903612514077 0.028296661744428724 
-374.1 0.0 0.4577556950703937 
0.9002634035174693 -499.99958801246794 0.9004463262986975 
0.0 0.0 0.9 
0.678948293415989 0.027747064789460804 -499.9910614013672 
-249.55 0.675 0.0 
0.8419803652912379 -375.0 -468.75 
0.0 0.0 0.0 
0.900000013411046 0.014090381560919237 0.8989529726781584 
-498.44208984375 0.8192398064867574 0.05811051454839218 
0.0 -249.55 0.1125 
-250.0 0.0 0.9580627441406251 
0.9420330701523758 0.042160033341484396 -499.09999827668264 
-249.55 0.11619105320423842 -375.0 
0.5906181335449219 -375.0 -250.0 
-249.55 -374.32500000000005 -250.0 
3.517186542012496e-14 1.3500038625905315 0.001771599054336573 
-498.71479175210595 0.9140625016632842 0.4587890627111847 
1.1191048091179801e-14 -498.20000000000164 1.7947265692317158 
-498.80332031250003 -498.77578125 0.8437465805815554 
0.10195355751372948 0.8437585822290203 -499.2125004426169 
-250.0 0.7866195380687714 -374.32500000000005 
0.0013185274383159641 -499.83349609375 -499.0966247558594 
-437.1625 -374.55 -374.32500000000005 
0.0 0.0 0.0 
0.0 0.0 0.0 
0.0 0.0 0.0 
0.0 0.0 0.0 
0.0 0.0 0.0 
0.0 0.0 0.0 
0.0 0.0 0.0 
0.0 0.0 0.0 
0.0035156250000010244 0.22614148995236436 32.105204719217284 
-500.0 5.334960727952465 0.5873025688379725 
7.44462551357266e-25 -499.1 24.755121082667397 
-500.0 -499.1000000000001 2.047075082648737 
0.014501963253701077 0.0 -467.96250000000003 
-375.0 1.2564453125 -375.0 
0.0 -250.0 -249.55 
0.0 -249.55 -249.55 
0.19731789307545888 1.6312501073440233 3.725535862034781e-08 
-499.1 1.5250000536441803 2.5080162033980255e-09 
0.0 0.0 0.0 
-467.90625 -436.71250000000003 3.448491905122531e-06 
0.6766479492220253 0.9000000008381903 -499.2241749533547 
-499.09999999955835 0.9279052734896822 -499.9180222455567 
0.00878981351852417 -374.32500000000005 -250.0 
-249.55 -374.32500000000005 -249.55 
0.9563049316807339 0.225003433647454 0.8994255882793809 
-498.20000000000005 0.45000005699859147 0.9562500001048762 
0.4673305034637455 -499.1 1.1642491958690115 
-498.2000008583069 -499.1 0.9000000000000001 
0.7452919140433318 0.22513822733260241 -499.3987060546875 
-374.55 0.9564906112297695 -497.38242187500003 
0.7787109375000001 -374.775 -374.775 
-374.55 -249.55 -374.775 
0.0 0.0 0.0 
0.0 0.0 0.0 
0.0 0.0 0.0 
0.0 0.0 0.0 
0.0 0.0 0.0 
0.0 0.0 0.0 
0.0 0.0 0.0 
0.0 0.0 0.0 
0.0 0.0 0.0 
0.0 0.0 0.0 
0.0 0.0 0.0 
0.0 0.0 0.0 
0.0 0.0 0.0 
0.0 0.0 0.0 
0.0 0.0 0.0 
0.0 0.0 0.0 
0.0 0.0 0.0 
0.0 0.0 0.0 
0.0 0.0 0.0 
0.0 0.0 0.0 
0.0 0.0 0.0 
0.0 0.0 0.0 
0.0 0.0 0.0 
0.0 0.0 0.0 
0.0 0.0 0.0 
0.0 0.0 0.0 
0.0 0.0 0.0 
0.0 0.0 0.0 
0.0 0.0 0.0 
0.0 0.0 0.0 
0.0 0.0 0.0 
0.0 0.0 0.0 
0.0 0.0 0.0 
0.0 0.0 0.0 
0.0 0.0 0.0 
0.0 0.0 0.0 
0.0 0.0 0.0 
0.0 0.0 0.0 
0.0 0.0 0.0 
0.0 0.0 0.0 
