0.0 0.0 0.0 
0.0 0.0 0.0 
0.0 0.0 0.0 
0.0 0.0 0.0 
0.0 0.0 0.0 
0.0 0.0 0.0 
0.0 0.0 0.0 
0.0 0.0 0.0 
0.9005347944334804 251.57824816287285 0.955409240741663 
-1000.0 4.806369447580743 0.9000000016763807 
0.9 -500.0 0.0 
-499.55 0.0 0.0 
0.0 1.6489927187592375 -937.5 
-500.0 0.0 -499.55 
0.9 -499.55 0.0 
0.0 0.0 0.0 
1.012499896466784 0.0 0.11953125 
-500.0 1.3495596617460253 0.0 
0.225 0.0 1.7437705859541892 
-500.0 -750.0 0.675 
1.1109306335449218 0.0 0.0 
0.0 0.0 0.0 
0.7875000000000001 0.0 -500.0 
0.0 0.0 0.0 
0.0 0.0 0.0 
0.0 0.0 0.0 
0.0 0.0 0.0 
0.0 0.0 0.0 
0.0 0.0 0.0 
0.0 0.0 0.0 
0.0 0.0 0.0 
0.0 0.0 0.0 
0.9001328564133357 1.37460949571107 0.2181884765625 
0.0 1.0125 0.0 
0.8999931335449218 -500.0 0.0 
0.0 0.0 0.0 
1.034130996465683 0.45 0.0 
0.0 0.0 0.0 
0.45 -500.0 0.0 
0.0 0.0 0.0 
0.9008789064593656 0.05535733485594711 0.16773333464365683 
-749.55 0.0 0.9612706728279591 
0.675 0.0 0.0 
-499.55 0.0 0.0 
0.9140625007956267 0.0 -992.1875 
-499.55 0.0 -500.0 
0.9 0.0 0.0 
0.0 0.0 0.0 
0.21266708527691663 1.3570312500016373 0.4497802734375006 
-998.33349609375 1.3469238281250036 0.056689453125 
0.0 -1000.0 0.9000002415299833 
0.0 -750.0 0.7672727078665048 
0.1177734375 1.736852427525446 -999.51171875 
-499.1 0.0 0.0 
0.0 -500.0 -750.0 
0.0 0.0 0.0 
0.0 0.0 0.0 
0.0 0.0 0.0 
0.0 0.0 0.0 
0.0 0.0 0.0 
0.0 0.0 0.0 
0.0 0.0 0.0 
0.0 0.0 0.0 
0.0 0.0 0.0 
2.8324965432746702e-05 1.3927472883695666 3.1553546682076274 
-1000.0 0.9001549720764161 0.49361972810966104 
0.0 -998.046875 143.49433759620052 
-937.5 -937.5 188.40022058486937 
0.0 0.225 0.0 
0.0 0.9 0.0 
0.0 -500.0 0.0 
0.0 0.0 0.0 
0.11251851061767866 1.3502197268244855 0.007910156250000001 
-1000.0 1.0125 2.6820862331078386e-08 
0.0 0.0 0.0 
-874.325 -499.55 0.0 
0.513394331932068 1.2937499965424706 -984.375 
-996.09375 0.9000000000008186 -991.7375 
0.0 -500.0 0.0 
-500.0 0.0 -500.0 
1.350000858306994 7.081059732175607e-06 0.4534624887614995 
-1000.0 0.9000000000528026 0.9000000000000001 
0.027025938034057617 -999.9999997671694 0.9390625000028778 
-1000.0 -1000.0 0.9000000000000001 
1.12587890625 0.0 0.0 
0.0 0.8929687500000001 -500.0 
0.9 0.0 0.0 
0.0 0.0 0.0 
0.0 0.0 0.0 
0.0 0.0 0.0 
0.0 0.0 0.0 
0.0 0.0 0.0 
0.0 0.0 0.0 
0.0 0.0 0.0 
0.0 0.0 0.0 
0.0 0.0 0.0 
0.0 0.0 0.0 
0.0 0.0 0.0 
0.0 0.0 0.0 
0.0 0.0 0.0 
0.0 0.0 0.0 
0.0 0.0 0.0 
0.0 0.0 0.0 
0.0 0.0 0.0 
0.0 0.0 0.0 
0.0 0.0 0.0 
0.0 0.0 0.0 
0.0 0.0 0.0 
0.0 0.0 0.0 
0.0 0.0 0.0 
0.0 0.0 0.0 
0.0 0.0 0.0 
0.0 0.0 0.0 
0.0 0.0 0.0 
0.0 0.0 0.0 
0.0 0.0 0.0 
0.0 0.0 0.0 
0.0 0.0 0.0 
0.0 0.0 0.0 
0.0 0.0 0.0 
0.0 0.0 0.0 
0.0 0.0 0.0 
0.0 0.0 0.0 
0.0 0.0 0.0 
0.0 0.0 0.0 
0.0 0.0 0.0 
0.0 0.0 0.0 
0.0 0.0 0.0 
