0.0 0.0 0.0 
0.0 0.0 0.0 
0.0 0.0 0.0 
0.0 0.0 0.0 
0.0 0.0 0.0 
0.0 0.0 0.0 
0.0 0.0 0.0 
0.0 0.0 0.0 
0.2251171589032701 9.774219212068957 0.7854984288129732 
-984.2625 253.6418172377547 0.84375 
0.0 0.0 0.0 
0.0 -499.55 0.0 
0.8982421875 69.59446297410916 -937.5 
0.0 0.0 -500.0 
0.0 0.0 -500.0 
0.0 0.0 0.0 
0.0 0.0 0.22502747881226243 
-500.0 0.9 0.0 
0.0 0.0 0.871875 
0.0 0.0 0.0 
0.0 0.0 0.0 
0.0 0.0 0.0 
0.0 0.0 0.0 
0.0 0.0 -500.0 
0.0 0.0 0.0 
0.0 0.0 0.0 
0.0 0.0 0.0 
0.0 0.0 0.0 
0.0 0.0 0.0 
0.0 0.0 0.0 
0.0 0.0 0.0 
0.0 0.0 0.0 
9.834782976489556 0.50625 1.7997802734375 
0.0 0.1125 0.0 
18.45115309879184 -750.0 0.0 
0.0 0.0 0.0 
13.5421875 0.0 -750.0 
0.0 0.0 0.0 
0.0 0.0 0.0 
0.0 0.0 0.0 
0.9571894438382691 0.013841914711149173 0.1313964817752964 
-936.7125000000001 0.6749931332248706 0.0 
0.0 0.0 0.0 
-499.55 -499.55 1.2937500000000002 
0.45 0.8874755863286348 -968.75 
0.0 0.0 0.0 
0.0 0.0 0.0 
0.0 0.0 0.0 
1.850825114666667e-05 1.3509887729887853 0.0006536880732684425 
-749.775 0.9 0.004133713245391846 
0.421875 -992.1875 0.9000017166138239 
0.0 0.0 0.7875000000000001 
0.08767087839910345 0.0 -500.0 
0.0 0.0 0.0 
0.3375 -500.0 -500.0 
0.0 0.0 0.0 
0.0 0.0 0.0 
0.0 0.0 0.0 
0.0 0.0 0.0 
0.0 0.0 0.0 
0.0 0.0 0.0 
0.0 0.0 0.0 
0.0 0.0 0.0 
0.0 0.0 0.0 
1.3497802734375 0.5625000151021635 134.00146490149444 
-996.09375 0.84375 67.66344585463722 
0.0 -875.0 9.768457031250001 
0.0 -937.275 5.8999717235565186 
0.0 0.0 0.0 
0.0 0.45 -500.0 
0.0 0.0 0.0 
0.0 0.0 0.0 
0.39390841147397526 1.3500034407722752 1.7363380902679636e-05 
-999.971875 0.9000549316406281 0.11381835612698733 
0.0 0.0 0.0 
0.0 -499.55 0.225 
0.1265625 0.0 0.0 
-500.0 0.90692138671875 -500.0 
0.0 0.0 0.0 
0.0 0.0 0.0 
0.9004394837333356 0.07031338520960242 0.12709275271045128 
-999.984521484375 0.9017578192087989 0.8437367230653763 
0.0 -999.969482421875 1.1250004291534423 
-875.0 -992.1875 0.9000000067055225 
0.675 0.2396118166186625 -750.0 
-500.0 1.237884521484375 -500.0 
0.0 0.0 -500.0 
0.0 0.0 -499.55 
0.0 0.0 0.0 
0.0 0.0 0.0 
0.0 0.0 0.0 
0.0 0.0 0.0 
0.0 0.0 0.0 
0.0 0.0 0.0 
0.0 0.0 0.0 
0.0 0.0 0.0 
0.0 0.0 0.0 
0.0 0.0 0.0 
0.0 0.0 0.0 
0.0 0.0 0.0 
0.0 0.0 0.0 
0.0 0.0 0.0 
0.0 0.0 0.0 
0.0 0.0 0.0 
0.0 0.0 0.0 
0.0 0.0 0.0 
0.0 0.0 0.0 
0.0 0.0 0.0 
0.0 0.0 0.0 
0.0 0.0 0.0 
0.0 0.0 0.0 
0.0 0.0 0.0 
0.0 0.0 0.0 
0.0 0.0 0.0 
0.0 0.0 0.0 
0.0 0.0 0.0 
0.0 0.0 0.0 
0.0 0.0 0.0 
0.0 0.0 0.0 
0.0 0.0 0.0 
0.0 0.0 0.0 
0.0 0.0 0.0 
0.0 0.0 0.0 
0.0 0.0 0.0 
0.0 0.0 0.0 
0.0 0.0 0.0 
0.0 0.0 0.0 
0.0 0.0 0.0 
