0.0 0.0 0.0 
0.0 0.0 0.0 
0.0 0.0 0.0 
0.0 0.0 0.0 
0.0 0.0 0.0 
0.0 0.0 0.0 
0.0 0.0 0.0 
0.0 0.0 0.0 
0.4124536086154805 267.06940302868725 0.8938832554960872 
-998.81600568775 141.50635771923112 0.9000002261184137 
0.0 -499.55 0.0 
-874.4375 -624.4375 0.9075429186224937 
0.33029640206360966 32.150000000004425 -998.7176406997319 
-975.8734375 3.0640625511217534 -997.203125 
1.0475776672363282 0.0 -499.1 
0.0 0.0 -499.55 
1.5626580359006765 0.05626394769684709 0.23290369139285777 
-999.823944308514 0.9568542488851677 0.045263671835761014 
1.060117563885133e-21 -999.2705059626164 0.9000117197633042 
-998.6558054424802 -999.207685396215 0.9004446029663022 
0.9030238474239263 0.0070329666398982315 -936.1239013671875 
-749.1 1.1953906059265136 -500.0 
1.6018001933698476 0.0 -499.55 
0.13645452632486224 1.00521039344552 0.03952653760264834 
0.0 0.0 0.0 
0.0 0.0 0.0 
0.0 0.0 0.0 
0.0 0.0 0.0 
0.0 0.0 0.0 
0.0 0.0 0.0 
0.0 0.0 0.0 
0.0 0.0 0.0 
0.8869838714603109 0.40781228545402026 0.000549316505394666 
-834.53466796875 0.01112146152691284 0.1897065721005068 
0.5484449514991558 -999.8324988440716 0.9008965015411281 
-499.2125 -749.3109375 1.040625 
1.3208336263071008 0.014055633492522167 -998.5478081575427 
-249.775 0.15285057071596386 -499.746875 
0.5554688632708518 -749.55 0.0 
0.0 -499.55 0.0 
1.3500824043825816 0.0008788005478438245 0.8630619048015924 
-998.5978494311594 0.34928778051233705 0.1800672063574582 
0.8942733764648438 -874.2125000000001 0.09087066650390625 
0.0 -499.55 0.5233353591200733 
0.7888732906480926 0.3936906222832277 -999.3115569306569 
-254.4372680664063 0.7755691483697278 -31.315954589843752 
0.44024951644072674 -874.775 -249.1 
-249.21250000000003 -499.5078125 -500.0 
0.014062500002864908 1.350879765500311 1.476601241328054e-09 
-998.6630939793567 0.9013185739517215 0.014066203126483868 
0.22489013671875002 -999.1017715454102 1.0441405713558134 
-999.0999971497804 -998.9363007464096 0.34522049966097534 
0.761335590346356 0.00020588615442276007 -998.7437544197159 
-437.078125 0.15820160117000198 -994.9443359375 
0.7978236617426604 -999.7224834271695 -874.8705910362536 
0.07054648717258938 0.2721805186576764 0.01913351308833179 
0.0 0.0 0.0 
0.0 0.0 0.0 
0.0 0.0 0.0 
0.0 0.0 0.0 
0.0 0.0 0.0 
0.0 0.0 0.0 
0.0 0.0 0.0 
0.0 0.0 0.0 
0.05635391213081848 0.00041423716640225984 32.27059154413236 
-999.1002183434437 0.9219726798517343 8.728320314986703 
2.6193447411060334e-11 -999.44215413558 47.77515273695992 
-998.764295604903 -999.2760389975332 4.806730781587066 
0.000933837890625 0.4497335096878323 -967.934375 
-749.775 0.9395510359325925 -874.184375 
0.3375 -500.0 -499.55 
-500.0 -499.55 -249.32500000000002 
3.4355063690696457e-06 0.9002205852980409 0.014062574506377781 
-998.987500141222 1.4625000539061155 0.0032958985946606794 
0.0 -499.55 1.771875 
-983.503125 -749.325 0.3094918777460868 
0.00398986345617916 0.9000000000000001 -999.8110056488372 
-999.875286633641 0.9006591796875008 -968.5606796572138 
0.6876499983040484 -983.7140625 -936.7125000000001 
-968.328125 -967.90625 -975.68359375 
0.9000000000000001 0.0017595626676016477 0.871637701237491 
-999.1000198215247 0.9000034340661387 0.9000000000000001 
0.00010986328125 -998.3029680980877 1.2229431190115494 
-999.1105457429887 -998.3195535148889 0.9004393458382765 
0.6408045837682614 1.1537988329289386 -999.1032025638967 
-983.111877629161 1.0440315930990778 -998.8877942994237 
1.012890184511753 -499.1 -936.54375 
0.45842737649725146 0.33946402571876333 0.4227215869067632 
0.0 0.0 0.0 
0.0 0.0 0.0 
0.0 0.0 0.0 
0.0 0.0 0.0 
0.0 0.0 0.0 
0.0 0.0 0.0 
0.0 0.0 0.0 
0.0 0.0 0.0 
0.0 0.0 0.0 
0.0 0.0 0.0 
0.0 0.0 0.0 
0.0 0.0 0.0 
0.0 0.0 0.0 
0.0 0.0 0.0 
0.0 0.0 0.0 
0.0 0.0 0.0 
0.0 0.0 0.0 
0.0 0.0 0.0 
0.0 0.0 0.0 
0.0 0.0 0.0 
0.0 0.0 0.0 
0.0 0.0 0.0 
0.0 0.0 0.0 
0.0 0.0 0.0 
0.0 0.0 0.0 
0.0 0.0 0.0 
0.0 0.0 0.0 
0.0 0.0 0.0 
0.0 0.0 0.0 
0.0 0.0 0.0 
0.0 0.0 0.0 
0.0 0.0 0.0 
0.0 0.0 0.0 
0.0 0.0 0.0 
0.0 0.0 0.0 
0.0 0.0 0.0 
0.0 0.0 0.0 
0.0 0.0 0.0 
0.0 0.0 0.0 
0.0 0.0 0.0 
