0.0 0.0 0.0 
0.0 0.0 0.0 
0.0 0.0 0.0 
0.0 0.0 0.0 
0.0 0.0 0.0 
0.0 0.0 0.0 
0.0 0.0 0.0 
0.0 0.0 0.0 
1.7999973324006522 316.07921029052636 -0.02440036642656207 
-984.375 377.392349740863 1.209375 
0.0 0.0 0.0 
-499.55 0.0 0.0 
1.4625 9.792199225159624 -984.2625 
0.0 5.1625000000000005 -500.0 
0.0 0.0 -499.55 
0.0 0.0 0.0 
-4.8999358549714085 0.10869140625000018 1.7718749597668642 
-500.0 0.0 0.3375 
0.0140625 0.0 0.0 
0.0 0.0 0.0 
0.225 -25.0 -500.0 
0.0 0.0 0.0 
0.0 -500.0 -500.0 
0.0 0.0 0.0 
0.0 0.0 0.0 
0.0 0.0 0.0 
0.0 0.0 0.0 
0.0 0.0 0.0 
0.0 0.0 0.0 
0.0 0.0 0.0 
0.0 0.0 0.0 
0.0 0.0 0.0 
21.30318907575617 -24.54295802116394 -24.099999999999998 
-499.55 0.7875000000000001 -11.6 
381.42105573415756 0.0 0.0 
-499.55 0.0 0.0 
6.989512215773721 0.0 0.0 
0.0 0.225 0.0 
2.95 -500.0 -750.0 
-500.0 0.0 -500.0 
0.8994715121101251 -12.275003446638584 -37.49962024828375 
-990.68984375 0.2735634216007323 0.0 
0.0 0.0 0.0 
0.0 -499.55 1.18125 
1.2251785227978846 -24.55615229012623 -999.4572265625 
-748.6500000000001 0.56513671875 -500.0 
0.5853515625000001 -750.0 -499.55 
0.0 0.0 0.0 
-0.04310498787062096 -27.7325837243432 -25.03697694495344 
-749.325 -11.98271484375 1.6892125070095063 
0.37702524121850867 -875.0 -23.256252574920655 
-500.0 -500.0 1.35 
0.6931839845384904 -37.281166076660156 -984.290625 
-499.55 0.421875 -500.0 
0.2390625 -750.0 0.0 
0.0 0.0 0.0 
0.0 0.0 0.0 
0.0 0.0 0.0 
0.0 0.0 0.0 
0.0 0.0 0.0 
0.0 0.0 0.0 
0.0 0.0 0.0 
0.0 0.0 0.0 
0.0 0.0 0.0 
1.5398437500000002 -1.3254655838012694 112.44315798976838 
-984.15 0.9 5.903783417662581 
0.0 -875.0 15.620895130638527 
-500.0 -500.0 5.807812500000001 
-4.8999999999999995 -24.540771484375 -874.325 
-500.0 0.45 0.0 
0.0 0.0 0.0 
0.0 0.0 0.0 
-24.762500010371127 1.3802097779950149 -6.253049605339741 
-999.4365018844605 -1.8013533959102994 -24.99845268709461 
0.45 0.0 0.0 
-500.0 0.0 0.242578125 
-4.453611325938545 0.8729306639550627 -995.710546875 
0.0 1.127197265625 -750.0 
-23.87763671875 -499.55 -499.55 
0.0 -500.0 0.0 
-18.799855201040614 -17.432048655272034 0.7893196110150836 
-874.775 -23.634680920944085 0.5280802645332617 
-6.3734375000000005 -984.375 1.5679889201954347 
-499.55 0.0 1.6518768310546874 
1.689453125 -26.709034921925067 -874.4375 
0.0 1.63125 -749.55 
0.6890625 0.0 0.0 
0.0 0.0 0.0 
0.0 0.0 0.0 
0.0 0.0 0.0 
0.0 0.0 0.0 
0.0 0.0 0.0 
0.0 0.0 0.0 
0.0 0.0 0.0 
0.0 0.0 0.0 
0.0 0.0 0.0 
0.0 0.0 0.0 
0.0 0.0 0.0 
0.0 0.0 0.0 
0.0 0.0 0.0 
0.0 0.0 0.0 
0.0 0.0 0.0 
0.0 0.0 0.0 
0.0 0.0 0.0 
0.0 0.0 0.0 
0.0 0.0 0.0 
0.0 0.0 0.0 
0.0 0.0 0.0 
0.0 0.0 0.0 
0.0 0.0 0.0 
0.0 0.0 0.0 
0.0 0.0 0.0 
0.0 0.0 0.0 
0.0 0.0 0.0 
0.0 0.0 0.0 
0.0 0.0 0.0 
0.0 0.0 0.0 
0.0 0.0 0.0 
0.0 0.0 0.0 
0.0 0.0 0.0 
0.0 0.0 0.0 
0.0 0.0 0.0 
0.0 0.0 0.0 
0.0 0.0 0.0 
0.0 0.0 0.0 
0.0 0.0 0.0 
0.0 0.0 0.0 
0.0 0.0 0.0 
