0.0 0.0 0.0 
0.0 0.0 0.0 
0.0 0.0 0.0 
0.0 0.0 0.0 
0.0 0.0 0.0 
0.0 0.0 0.0 
0.0 0.0 0.0 
0.0 0.0 0.0 
-2.461955718115326 249.05114360012644 -0.9505082723448721 
-1081.2756095390528 406.8232012005019 -46.37922908388418 
-78.8108105241713 -996.7080414879604 -54.004693698481915 
-526.7261049145178 -769.4799352637556 -15.625202855566348 
-18.68723819939494 -33.87826471194644 -1080.776701028705 
-1075.7795336185538 219.92677274813215 -1051.4333257134228 
-24.244639246521 -769.5485829300585 -515.8313411105472 
-934.5932196672816 -996.1518577085105 -997.4556758938143 
-21.121616717900313 -20.556286053854823 -18.485335838110114 
-1053.0330547582244 -38.385743830092515 -5.4384947948867115 
-58.40167405836945 -1083.3839382265978 -35.63806855226004 
-947.9012352282563 -917.7857864625894 -51.437643086852226 
-31.376781724243003 -36.86593252000779 -1097.366229370835 
-500.0 -53.670000356113675 -810.0915492051496 
-43.39601902174418 -1003.9409409004642 -522.5 
-1016.6060198106265 -1006.0950613144857 -927.0044456120096 
0.0 0.0 0.0 
0.0 0.0 0.0 
0.0 0.0 0.0 
0.0 0.0 0.0 
0.0 0.0 0.0 
0.0 0.0 0.0 
0.0 0.0 0.0 
0.0 0.0 0.0 
8.60187577351877 0.25194676247804626 -11.098598785884429 
-1042.963101883752 -22.300191361308357 -1.7014502363242037 
-18.004484737574465 -1097.5674699531844 -47.07410003454282 
-527.8458388195835 -523.4497977758397 -39.38916341925135 
-0.6552078846707624 -26.18877915331056 -1040.8739765838286 
-778.1068279768008 -78.1013837358508 -792.8789242890441 
14.980564417048214 -939.6820499383902 -1031.6416113500627 
-988.422091506116 -1000.9787481120238 -1005.9761953933296 
-0.8537042594274271 -8.667493883399887 -1.2477273406253315 
-1053.0857040830035 -41.16158156513667 -3.8691333569164863 
-51.08936547853412 -507.76786562878334 -32.5516055251267 
-1034.132257381812 -1033.7781053220715 -4.662243270435196 
-6.755909550326095 -35.18012042273132 -1081.2678516835167 
-1064.3067110509037 -34.400683927815166 -1097.2622455475466 
-15.013003883905416 -1001.641681496735 -1016.8156260970402 
-1088.5840623421109 -1080.822770217728 -1051.478158654265 
-29.78520867563219 -27.401474068274787 -1.784544422974716 
-1048.328172395151 -44.90707245287997 -2.0659819215304447 
-50.18735878763181 -1097.2658135450952 -54.320945376212876 
-1068.2736834804255 -1055.372207450349 -55.12172225009944 
-2.2144157325885976 -47.16218672969459 -1097.4649567681372 
-1059.1621290853832 -54.18923790573095 -1092.9837885554327 
-38.767637291430496 -1081.5599619739148 -1097.6408918660336 
-1059.3476430885958 -1089.723787555119 -1091.8647895930594 
0.0 0.0 0.0 
0.0 0.0 0.0 
0.0 0.0 0.0 
0.0 0.0 0.0 
0.0 0.0 0.0 
0.0 0.0 0.0 
0.0 0.0 0.0 
0.0 0.0 0.0 
-2.4716143547705585 -16.785878021228143 6.730754686037895 
-1083.5857405743373 -25.353470111766036 231.1600547647967 
-40.56867595674838 -1097.461948414712 221.35506668223448 
-1049.5379259685606 -1079.6871710889866 -40.52410129702869 
-33.819355845809994 0.03896352720441021 -1033.8006137290781 
-794.8698982786564 -54.65594779471948 -799.6048491547417 
-34.80839028523863 -1022.8427800222962 -787.7534465056344 
-992.0095819755315 -1023.2185199197606 -987.5167325761813 
-23.20228689976199 -0.6990613201035449 -8.834322178184102 
-1060.8191430486304 -33.27027129080632 -16.764800143805296 
-37.45630038252595 -1019.0300552170368 -79.81596704631585 
-1025.635321930758 -912.5230850309257 -15.810405457938021 
-43.00546145782117 -13.411242086875543 -1043.971686804841 
-1097.7893386659634 -42.92031189338552 -1051.6715811598806 
-19.774011342541257 -1007.753678885858 -1067.411255725815 
-1081.0176721280163 -1084.103452629867 -1050.2284559241307 
-25.863916558369816 -18.53857552159713 -25.920806013069985 
-1090.1244781562714 -34.5785814375006 -21.91198327689274 
-51.44998139483913 -1097.4490909515741 -33.6769455745503 
-1073.5212382528032 -1096.736301711866 -52.13748654975436 
-18.56561184661435 -14.55442405426493 -1077.4068735049336 
-1097.5143957351206 -44.350970676591416 -1030.411638643156 
-18.558403838241105 -1020.0434091971713 -1084.1768904924243 
-1095.5171566251042 -1094.9672354374788 -1049.930515312446 
0.0 0.0 0.0 
0.0 0.0 0.0 
0.0 0.0 0.0 
0.0 0.0 0.0 
0.0 0.0 0.0 
0.0 0.0 0.0 
0.0 0.0 0.0 
0.0 0.0 0.0 
0.0 0.0 0.0 
0.0 0.0 0.0 
0.0 0.0 0.0 
0.0 0.0 0.0 
0.0 0.0 0.0 
0.0 0.0 0.0 
0.0 0.0 0.0 
0.0 0.0 0.0 
0.0 0.0 0.0 
0.0 0.0 0.0 
0.0 0.0 0.0 
0.0 0.0 0.0 
0.0 0.0 0.0 
0.0 0.0 0.0 
0.0 0.0 0.0 
0.0 0.0 0.0 
0.0 0.0 0.0 
0.0 0.0 0.0 
0.0 0.0 0.0 
0.0 0.0 0.0 
0.0 0.0 0.0 
0.0 0.0 0.0 
0.0 0.0 0.0 
0.0 0.0 0.0 
0.0 0.0 0.0 
0.0 0.0 0.0 
0.0 0.0 0.0 
0.0 0.0 0.0 
0.0 0.0 0.0 
0.0 0.0 0.0 
0.0 0.0 0.0 
0.0 0.0 0.0 
