0.0 0.0 0.0 
0.0 0.0 0.0 
0.0 0.0 0.0 
0.0 0.0 0.0 
0.0 0.0 0.0 
0.0 0.0 0.0 
0.0 0.0 0.0 
0.0 0.0 0.0 
-4.053769865074262 268.92152554850077 0.8027666221176395 
-1098.0797703628846 -32.21541953609304 -5.8710848113345495 
-81.67545525822484 -983.4982055320635 -27.925850519003916 
-789.3696079712539 -990.1551419117416 -7.235505808602186 
0.04120094811388575 -29.149992949326414 -1066.1119562322988 
-1044.6008421015476 216.03799989517074 -1091.0360218006101 
-1.408221240037339 -515.5555076386345 -798.4857118195702 
-1077.3809580791565 -1050.4266467206658 -1078.492290491093 
-25.878714225837186 -22.93686968971089 -23.45576524799573 
-1097.1901109452142 -32.56750855251515 -28.515692120475048 
-35.461713942031196 -1089.2606846908436 -58.25253804165128 
-1058.2145146350867 -1010.5998716704281 -52.55346494015808 
-25.26826890596562 -46.76738506416702 -1089.5255175942416 
-988.6651183601389 -39.42407462906142 -946.6634188922992 
-50.717549244499125 -983.5846371331024 -953.5458363325075 
-1010.2329213274643 -1007.4454461941325 -1004.5190704091133 
0.0 0.0 0.0 
0.0 0.0 0.0 
0.0 0.0 0.0 
0.0 0.0 0.0 
0.0 0.0 0.0 
0.0 0.0 0.0 
0.0 0.0 0.0 
0.0 0.0 0.0 
23.341373842423504 -8.527880765824008 -3.8687299470093817 
-1061.4249550285506 -27.561099519518024 -1.4387325517038523 
219.03065401788285 -1097.5861426521049 -42.28720777434942 
-910.5327660984092 -1019.0389006953928 -48.40092669327126 
-6.089612277274478 -37.89251066150564 -1089.0020880004001 
-987.8625090143366 -36.43511001796672 -798.1522994608333 
73.60783250588256 -1088.7983138226678 -1087.3626442559791 
-1072.1682381266264 -1077.5636998655282 -1076.293361209548 
-5.246848238630818 0.09572353726803706 -14.056444600526653 
-1056.0321101471645 -22.921226144706722 -2.3582725594567684 
-70.11466840429219 -921.5200705169107 -16.391755675637153 
-1089.7054491059462 -1039.3226344714374 -11.367195596909141 
-1.710553332678891 -34.67041540179336 -1085.4755179649778 
-1064.1766987160681 -53.74837753888001 -1097.727570992025 
-4.905065911473694 -1047.1774687689876 -1074.9252118357526 
-1056.5487903943292 -1094.8801991645064 -1088.092978847601 
-1.186201891778085 -21.16822929931425 -44.43300193920338 
-1054.4457744231438 -41.7874940083603 -5.292282153284413 
-34.045586185129565 -1097.926389341104 -62.08440024304605 
-1079.8552710321483 -1092.587733770957 -20.365739326018144 
-30.052225208586147 -44.466140950866915 -1090.0136164230898 
-1068.2741131498153 -33.49401040644243 -1097.8653135508866 
-30.66447665087598 -1097.4734789243278 -1095.033271869269 
-1072.8971235067033 -1094.6173257380424 -1094.9604400191386 
0.0 0.0 0.0 
0.0 0.0 0.0 
0.0 0.0 0.0 
0.0 0.0 0.0 
0.0 0.0 0.0 
0.0 0.0 0.0 
0.0 0.0 0.0 
0.0 0.0 0.0 
-10.756908877158246 0.6836605121905563 28.238370984393303 
-1080.1905096655041 -35.950712980664676 4.9616592998113305 
-35.71340085887062 -1098.1151055600772 -49.39609390733324 
-1073.6884197448617 -1096.6199445742088 1.8940194711869651 
-1.5489486250099738 -35.05161791567695 -1036.587698092666 
-527.4672498971844 -42.13126774494606 -782.2613149187265 
-35.64524407911879 -1068.2506545594001 -1031.8031340608445 
-1070.5255011690192 -1056.1713469832555 -1055.5958918803474 
-5.741979581739482 -17.155482936367736 -0.6831375289265511 
-1098.2283769545666 -33.61293847067874 1.4659012018806257 
-81.97138930564665 -1038.5488122419374 -66.14897059660817 
-1079.7584906423085 -1051.2836971105899 -31.525161965310666 
-1.7148640113386415 -21.812914947880962 -1055.2625940354328 
-1097.9660060534343 -41.08458110564207 -1073.2280492426025 
-26.510051089039187 -1053.9027355890366 -1070.9681474998529 
-1091.2455572768786 -1093.86312867868 -1080.3752785047143 
-27.85951920439473 -18.718626645933252 -15.227576699659647 
-1088.1111462008726 -6.753567882854116 -20.242642278979787 
-69.99208202655734 -1098.2147913212202 -34.24523438752179 
-1089.682642438413 -1096.0461705530556 -38.189791592862264 
-19.768340057184133 -25.86547425038923 -1059.170857192483 
-1097.8961154212993 -60.344637755114825 -1039.5237084955124 
-38.65016575536501 -1097.5996957439356 -1064.4211288067208 
-1088.769000048641 -1093.642186486621 -1092.4810852567966 
0.0 0.0 0.0 
0.0 0.0 0.0 
0.0 0.0 0.0 
0.0 0.0 0.0 
0.0 0.0 0.0 
0.0 0.0 0.0 
0.0 0.0 0.0 
0.0 0.0 0.0 
0.0 0.0 0.0 
0.0 0.0 0.0 
0.0 0.0 0.0 
0.0 0.0 0.0 
0.0 0.0 0.0 
0.0 0.0 0.0 
0.0 0.0 0.0 
0.0 0.0 0.0 
0.0 0.0 0.0 
0.0 0.0 0.0 
0.0 0.0 0.0 
0.0 0.0 0.0 
0.0 0.0 0.0 
0.0 0.0 0.0 
0.0 0.0 0.0 
0.0 0.0 0.0 
0.0 0.0 0.0 
0.0 0.0 0.0 
0.0 0.0 0.0 
0.0 0.0 0.0 
0.0 0.0 0.0 
0.0 0.0 0.0 
0.0 0.0 0.0 
0.0 0.0 0.0 
0.0 0.0 0.0 
0.0 0.0 0.0 
0.0 0.0 0.0 
0.0 0.0 0.0 
0.0 0.0 0.0 
0.0 0.0 0.0 
0.0 0.0 0.0 
0.0 0.0 0.0 
