0.0 0.0 0.0 
0.0 0.0 0.0 
0.0 0.0 0.0 
0.0 0.0 0.0 
0.0 0.0 0.0 
0.0 0.0 0.0 
0.0 0.0 0.0 
0.0 0.0 0.0 
-4.882583463975511 254.59853282947273 -9.049516137039467 
-500.0 237.01956858764657 -16.497884209917128 
-15.288483928110319 -507.5 -28.63064005107891 
0.0 0.0 0.0 
-18.030379586316343 -12.921341814878033 -776.6656078017099 
-500.0 220.95287886055056 -515.2869609485656 
0.0 0.0 0.0 
0.0 0.0 0.0 
-4.8548833090036405 -1.514717091190663 -23.209119602659168 
-500.0 -7.506242371787296 -0.5233992898234685 
-26.6397715595922 -500.0 -27.338612467965554 
-500.0 0.0 0.0 
-0.5733104318842629 -22.5 -500.0 
-511.5593279831875 0.0 0.0 
0.0 -500.0 -500.0 
0.0 0.0 0.0 
0.0 0.0 0.0 
0.0 0.0 0.0 
0.0 0.0 0.0 
0.0 0.0 0.0 
0.0 0.0 0.0 
0.0 0.0 0.0 
0.0 0.0 0.0 
0.0 0.0 0.0 
215.45140309943932 -17.453469280637517 -1.1315203288315707 
-500.0 -0.37573567915007455 -0.5313880938960869 
-10.669660558722388 -1011.6761591382844 -11.256242371787296 
0.0 0.0 0.0 
47.80321732289685 -0.39961533878361755 -500.0 
0.0 0.0 -500.0 
0.0 0.0 -507.6733899197478 
0.0 0.0 0.0 
1.0600908629731498 -1.7710434977759277 -14.23385258849266 
-963.4424385754139 -18.580202283153504 -1.6391946732931957 
0.0 -507.7292933813639 0.0 
-500.0 -507.61959291597816 -7.972861065211734 
-0.21893043058237638 -28.668359475525474 -1028.3852772040975 
-513.693291752494 -22.643171218365318 -522.9754270936705 
-13.57088789102459 0.0 -777.0853437165381 
0.0 0.0 0.0 
-1.195397334853352 -9.96246932732741 -21.40426284090478 
-500.0 -6.509282622445539 -17.04935609343127 
-31.235496555960573 -1011.2884760594852 -30.60123339706721 
-500.0 -522.5 -25.671413883516276 
-1.2676652673345505 -30.729492496074002 -875.0 
-515.9472172722986 -28.043161847401112 -500.0 
-26.06870604984891 -763.6271182419646 -500.0 
-516.0962036009158 -772.9754270936705 -515.5989359771186 
0.0 0.0 0.0 
0.0 0.0 0.0 
0.0 0.0 0.0 
0.0 0.0 0.0 
0.0 0.0 0.0 
0.0 0.0 0.0 
0.0 0.0 0.0 
0.0 0.0 0.0 
-2.9123983386391745 -1.3354952391637995 131.9896709051277 
0.0 -7.499999999999999 13.484569395432416 
-28.125 -875.0 112.71849679009983 
0.0 -515.3145925518296 -5.136922244599974 
-8.751228023429913 -8.341186295944906 -753.9212504987862 
0.0 0.0 -504.0548651630041 
0.0 0.0 0.0 
0.0 0.0 0.0 
-16.271760742054052 -10.099114781727828 0.377544765386266 
-1001.3896065242968 -29.0111243940219 -5.886813821812376 
0.0 0.0 0.0 
-515.5989359771186 -507.7422344193359 -0.16835526544881682 
-3.4095667185756655 -18.73238778029637 -940.8853322967559 
-500.0 -37.28620721208657 -958.1996622978072 
-0.5092787185748159 -507.5 0.0 
0.0 0.0 0.0 
-20.340047528288263 -16.186702704776945 -0.7182913448350283 
-897.5 -27.98306109537737 -2.5949041778099833 
-39.66136503422943 -968.75 -31.585838078768237 
-500.0 -500.0 -20.2179719652233 
-1.2784000407033134 -18.384586204377705 -500.0 
-500.0 -15.227491188629635 -515.2163701884475 
-20.99977585043743 -500.0 -507.5 
0.0 0.0 -522.4322880426485 
0.0 0.0 0.0 
0.0 0.0 0.0 
0.0 0.0 0.0 
0.0 0.0 0.0 
0.0 0.0 0.0 
0.0 0.0 0.0 
0.0 0.0 0.0 
0.0 0.0 0.0 
0.0 0.0 0.0 
0.0 0.0 0.0 
0.0 0.0 0.0 
0.0 0.0 0.0 
0.0 0.0 0.0 
0.0 0.0 0.0 
0.0 0.0 0.0 
0.0 0.0 0.0 
0.0 0.0 0.0 
0.0 0.0 0.0 
0.0 0.0 0.0 
0.0 0.0 0.0 
0.0 0.0 0.0 
0.0 0.0 0.0 
0.0 0.0 0.0 
0.0 0.0 0.0 
0.0 0.0 0.0 
0.0 0.0 0.0 
0.0 0.0 0.0 
0.0 0.0 0.0 
0.0 0.0 0.0 
0.0 0.0 0.0 
0.0 0.0 0.0 
0.0 0.0 0.0 
0.0 0.0 0.0 
0.0 0.0 0.0 
0.0 0.0 0.0 
0.0 0.0 0.0 
0.0 0.0 0.0 
0.0 0.0 0.0 
0.0 0.0 0.0 
0.0 0.0 0.0 
