0.0 0.0 0.0 
0.0 0.0 0.0 
0.0 0.0 0.0 
0.0 0.0 0.0 
0.0 0.0 0.0 
0.0 0.0 0.0 
0.0 0.0 0.0 
0.0 0.0 0.0 
-1.3788020940182408 274.030738380226 -2.1880953091312496 
-1068.9196471903967 -30.290582365989557 -18.94920363423244 
-28.316354136187865 -1053.2385531934651 -79.59685159988678 
-998.4875070067601 -1000.4128303013097 -17.273136564721913 
-22.02222255730844 -19.70505051975333 -1095.044504226621 
-1071.682370613592 -22.373633072381 -1072.1720081837564 
-30.20466365835806 -1025.999588119097 -1017.7518414364436 
-1090.0652425658295 -1066.987387906626 -1092.6483656911269 
-11.861060957809293 -20.07997013195144 -19.35590869550967 
-1097.388869635281 -34.338239110460606 -14.284906622607537 
-77.65346541481463 -1097.624801846735 -56.45661064099114 
-1071.4811059078888 -1067.7123014159597 -13.675911981030922 
-10.04320721905535 -42.0126335584977 -1071.7964622429872 
-1067.1549548105536 -56.10876155576182 -1052.3380877626455 
-64.8456870643372 -1085.2786888415135 -1056.2774535837782 
-1093.2974145187027 -1096.754968779714 -1063.2553138024393 
0.0 0.0 0.0 
0.0 0.0 0.0 
0.0 0.0 0.0 
0.0 0.0 0.0 
0.0 0.0 0.0 
0.0 0.0 0.0 
0.0 0.0 0.0 
0.0 0.0 0.0 
72.49759170999334 -9.3041998489703 -24.85251890732428 
-1061.34220255515 -3.988685743099663 -19.465781659312814 
377.4606907880069 -1097.0491567595727 -34.87874143925263 
-1060.4343486599653 -1055.5292473558452 -34.25237326997953 
-28.431164516594468 -29.632786263793403 -1069.0129078099797 
-1054.0947367200204 -70.98397482931642 -1093.042696620803 
-11.743538534832407 -1096.0850048791879 -1089.7627754472787 
-1087.2477786867316 -1093.5131150685556 -1096.3495333859532 
-8.030266279609373 1.01396912390294 -24.852440530833015 
-1039.7043122158261 -14.215684553828156 -1.8473695384864537 
-93.30213300347833 -1031.65790032407 -38.367376485369164 
-1066.4679173476457 -1064.3015000924106 -13.707172504700967 
-41.57167080535673 -34.07551774710447 -1080.9076132476484 
-1055.148204683068 -46.67275255267 -1097.2176866974712 
-19.051851979880535 -1062.2763579433886 -1087.4353098051415 
-1081.8733736870026 -1090.481978803965 -1072.2978257373334 
-0.770720042129698 -9.613875810342755 -10.617179082791248 
-1051.238148293341 -9.984058314240867 -18.921085968689656 
-34.158097934936436 -1097.0332409212301 -46.9707040688555 
-1088.1312908722678 -1093.3580243211127 -35.13049019840057 
-5.065033312310021 -30.291689948324922 -1064.654023347532 
-1039.1221531489068 -41.23642616017676 -1097.5250663691008 
-33.09211155153986 -1095.2727797664284 -1097.8400676103208 
-1084.0935496568043 -1066.334587112046 -1082.9758481081158 
0.0 0.0 0.0 
0.0 0.0 0.0 
0.0 0.0 0.0 
0.0 0.0 0.0 
0.0 0.0 0.0 
0.0 0.0 0.0 
0.0 0.0 0.0 
0.0 0.0 0.0 
-4.184235987505923 -8.560206646984911 16.612437828051284 
-1069.4710053206354 -27.565601614905304 162.27946590715808 
-36.6442077424157 -1097.5532190198414 -54.70092496361565 
-1096.766227790855 -1096.6876180423055 -9.878892628886497 
-21.54216861571696 -28.102563285892778 -1048.700092127478 
-1095.5189699892467 -49.368229027408205 -1044.7121828241834 
-35.01660632456699 -946.049345410441 -1084.2488580898275 
-1095.3178901492215 -1092.3666326463895 -1051.1919357582728 
-11.801137716838209 -9.659144166151302 -3.06995694242559 
-1077.8786420504434 -33.86492280752837 -1.8447082255993315 
-71.05858472583543 -1036.21467812201 -86.34387862970343 
-1093.3545082905462 -1062.7955748181391 0.41337331222110274 
-9.880181625259095 -35.297644653374135 -1060.6193516350177 
-1097.2262419529734 -57.619296381420085 -1057.6075817858086 
-5.465576151914578 -1060.645109823894 -1077.2589619635623 
-1090.582322802737 -1083.0445707493473 -1062.4393052312257 
-24.42186502639685 -19.057925887853784 -18.474216994275338 
-1086.9016029150116 -51.03781472413159 -20.415303169305897 
-49.86118856323302 -1097.659871713734 -34.585775596251636 
-1093.1888780932582 -1097.764786222485 -36.16658407667266 
-18.15476183950306 -35.34154417691355 -1059.1716934840383 
-1097.1418308784787 -66.23528011732714 -1063.5582868968156 
-17.811852371081223 -1048.776938333888 -1077.2677142308507 
-1093.619900079378 -1095.2531311051566 -1064.9459037455026 
0.0 0.0 0.0 
0.0 0.0 0.0 
0.0 0.0 0.0 
0.0 0.0 0.0 
0.0 0.0 0.0 
0.0 0.0 0.0 
0.0 0.0 0.0 
0.0 0.0 0.0 
0.0 0.0 0.0 
0.0 0.0 0.0 
0.0 0.0 0.0 
0.0 0.0 0.0 
0.0 0.0 0.0 
0.0 0.0 0.0 
0.0 0.0 0.0 
0.0 0.0 0.0 
0.0 0.0 0.0 
0.0 0.0 0.0 
0.0 0.0 0.0 
0.0 0.0 0.0 
0.0 0.0 0.0 
0.0 0.0 0.0 
0.0 0.0 0.0 
0.0 0.0 0.0 
0.0 0.0 0.0 
0.0 0.0 0.0 
0.0 0.0 0.0 
0.0 0.0 0.0 
0.0 0.0 0.0 
0.0 0.0 0.0 
0.0 0.0 0.0 
0.0 0.0 0.0 
0.0 0.0 0.0 
0.0 0.0 0.0 
0.0 0.0 0.0 
0.0 0.0 0.0 
0.0 0.0 0.0 
0.0 0.0 0.0 
0.0 0.0 0.0 
0.0 0.0 0.0 
