0.0 0.0 0.0 
0.0 0.0 0.0 
0.0 0.0 0.0 
0.0 0.0 0.0 
0.0 0.0 0.0 
0.0 0.0 0.0 
0.0 0.0 0.0 
0.0 0.0 0.0 
-15.576522682085983 285.10626669001863 -1.199835714199773 
-903.6185227632097 -23.1295900171084 -23.085089215492815 
-11.790166473097315 -522.8523470379504 -12.30792983038491 
-515.3550142249787 -523.19249130505 -0.5323155035522764 
-25.550951645690326 -20.00639855699589 -968.4369693136102 
-513.5985682648952 9.216742319388779 -507.8299341766747 
-11.814209194789337 -500.0 -515.1125 
0.0 -515.3886956677783 -519.4515180381361 
-7.492917868503806 -3.251476274654737 -17.986331592795207 
-757.5 -19.840551088935847 -1.284596719408734 
-33.83703243905169 -500.0 -29.2598893427284 
-500.0 -500.0 -14.278762686859386 
-0.9421245457040506 -22.5 -500.0 
0.0 0.0 0.0 
0.0 0.0 0.0 
0.0 0.0 0.0 
0.0 0.0 0.0 
0.0 0.0 0.0 
0.0 0.0 0.0 
0.0 0.0 0.0 
0.0 0.0 0.0 
0.0 0.0 0.0 
0.0 0.0 0.0 
0.0 0.0 0.0 
27.537153474061437 -17.371127901902085 -1.0407097133149599 
-964.843067771489 -12.645983804976959 -5.0533264412174095 
227.20281621453006 -500.0 -25.178773952390856 
-772.8523470379504 -500.0 -11.88922656828279 
78.21317984181479 -0.45745427661869176 -500.0 
-500.0 -4.552552814831957 -500.0 
-20.691023857934056 -500.0 -500.0 
0.0 0.0 -511.6793772171252 
-19.397831284042198 0.40118872353309276 -9.185853031626552 
-895.6856563878137 -8.677086326021183 -20.20018292843705 
0.0 -511.71329632930065 0.0 
-773.3699906139213 -511.72114251758114 -8.553435706488306 
-15.127379810017924 -14.911612888879521 -1030.2886806494942 
-777.037368662051 -18.475696925404897 -757.5 
2.131308195160308 -500.0 -500.0 
0.0 0.0 -511.91717562577105 
-0.5284324140706673 -5.037231158529704 -21.561027483790134 
-880.7667987549083 -25.642097292189273 -2.2020924711984775 
-31.711870662825138 -1032.7186758437163 -44.923585099365795 
-765.1241169022865 -500.0 -25.770482556220163 
-13.406094675510777 -14.099242102302492 -909.2741298008375 
-765.7678729126824 -31.378202752206903 -500.0 
-31.651182611444092 -500.0 -500.0 
-773.0362729031597 -780.7511584667155 -774.469890395312 
0.0 0.0 0.0 
0.0 0.0 0.0 
0.0 0.0 0.0 
0.0 0.0 0.0 
0.0 0.0 0.0 
0.0 0.0 0.0 
0.0 0.0 0.0 
0.0 0.0 0.0 
-16.22492011619637 -4.374539755217292 294.54214249269 
-500.0 -14.853536486390762 15.170451317387005 
-19.093233805741786 -750.0 -13.504397758504865 
-500.0 -500.0 230.65087687641662 
-8.614410265981483 -13.998209447735046 -500.0 
0.0 -7.801235899794236 -522.5 
-7.848353883027722 0.0 0.0 
-500.0 0.0 0.0 
-17.255604934077628 -0.9091021195076597 -6.14831132688433 
-1036.8686579794999 -28.655077636037603 -26.68597161900144 
0.0 -515.6213803024034 -13.710584501261756 
-515.5221569971442 -507.61504972572925 -19.97382426710547 
-1.695579435413415 -23.82528013600017 -901.5097678321795 
-772.5 -32.78841635597418 -522.5 
-15.961145117010075 -513.7758386086865 -523.5093290699064 
-515.5221569971442 -519.7959681140801 0.0 
-25.191064465045663 -22.27928342158439 0.35078377111812054 
-952.6125 -22.339543141836522 -4.514486382299952 
-32.053061113820135 -1041.0900704658056 -31.72619361072058 
-500.0 -500.0 -38.70616256093756 
-25.31968776360481 -7.9224414910727585 -761.7548100866795 
-765.1125 -33.256153108638685 -767.8899725064059 
-32.8852271437781 -507.85222397628746 -500.0 
-531.0999258437163 -500.0 -515.5297718766684 
0.0 0.0 0.0 
0.0 0.0 0.0 
0.0 0.0 0.0 
0.0 0.0 0.0 
0.0 0.0 0.0 
0.0 0.0 0.0 
0.0 0.0 0.0 
0.0 0.0 0.0 
0.0 0.0 0.0 
0.0 0.0 0.0 
0.0 0.0 0.0 
0.0 0.0 0.0 
0.0 0.0 0.0 
0.0 0.0 0.0 
0.0 0.0 0.0 
0.0 0.0 0.0 
0.0 0.0 0.0 
0.0 0.0 0.0 
0.0 0.0 0.0 
0.0 0.0 0.0 
0.0 0.0 0.0 
0.0 0.0 0.0 
0.0 0.0 0.0 
0.0 0.0 0.0 
0.0 0.0 0.0 
0.0 0.0 0.0 
0.0 0.0 0.0 
0.0 0.0 0.0 
0.0 0.0 0.0 
0.0 0.0 0.0 
0.0 0.0 0.0 
0.0 0.0 0.0 
0.0 0.0 0.0 
0.0 0.0 0.0 
0.0 0.0 0.0 
0.0 0.0 0.0 
0.0 0.0 0.0 
0.0 0.0 0.0 
0.0 0.0 0.0 
0.0 0.0 0.0 
